2 0.365 
3 0.605 
2 0.485 
3 0.6725 
2 0.557 
3 0.663 
2 0.665 
3 0.32583 
2 0.701 
3 0.24296 
2 0.725 
3 0.195 
2 0.71 
3 0.20038 
2 0.725 
3 0.17556 
2 0.737 
3 0.15632 
2 0.74682 
3 0.14094 
2 0.73423 
3 0.15307 
2 0.74214 
3 0.1414 
2 0.749 
3 0.1314 
2 0.755 
3 0.12274 
2 0.76029 
3 0.11516 
2 0.765 
3 0.10846 
2 0.76921 
3 0.10251 
2 0.773 
3 0.09717 
2 0.77643 
3 0.09237 
2 0.77955 
3 0.08802 
2 0.78239 
3 0.08407 
2 0.785 
3 0.08045 
2 0.7874 
3 0.07714 
2 0.78962 
3 0.07408 
2 0.79167 
3 0.07126 
2 0.79357 
3 0.06866 
2 0.79534 
3 0.06623 
2 0.797 
3 0.06397 
2 0.79855 
3 0.06186 
2 0.8 
3 0.05988 
2 0.80136 
3 0.05803 
2 0.80265 
3 0.05628 
2 0.80386 
3 0.05464 
2 0.805 
3 0.0531 
2 0.80608 
3 0.05164 
2 0.80711 
3 0.05025 
2 0.80808 
3 0.04894 
2 0.809 
3 0.0477 
2 0.80988 
3 0.04651 
2 0.81071 
3 0.04539 
2 0.81151 
3 0.04432 
2 0.81227 
3 0.0433 
2 0.813 
3 0.04232 
2 0.8137 
3 0.04138 
2 0.81436 
3 0.04049 
2 0.815 
3 0.03963 
2 0.81561 
3 0.03882 
2 0.8162 
3 0.03803 
2 0.81676 
3 0.03728 
2 0.81731 
3 0.03654 
2 0.81783 
3 0.03585 
2 0.81833 
3 0.03518 
2 0.81882 
3 0.03453 
2 0.81929 
3 0.0339 
2 0.81974 
3 0.0333 
2 0.82017 
3 0.03273 
2 0.82059 
3 0.03217 
2 0.821 
3 0.03162 
2 0.82139 
3 0.0311 
2 0.82177 
3 0.03059 
2 0.82214 
3 0.0301 
2 0.8225 
3 0.02962 
2 0.82285 
3 0.02916 
2 0.82318 
3 0.02872 
2 0.82351 
3 0.02828 
2 0.82382 
3 0.02787 
2 0.82413 
3 0.02746 
2 0.82443 
3 0.02706 
2 0.82472 
3 0.02667 
2 0.825 
3 0.0263 
2 0.82527 
3 0.02594 
2 0.82554 
3 0.02559 
2 0.8258 
3 0.02524 
2 0.82605 
3 0.02491 
2 0.8263 
3 0.02458 
2 0.82654 
3 0.02426 
2 0.82677 
3 0.02396 
2 0.827 
3 0.02365 
2 0.82722 
3 0.02336 
2 0.82744 
3 0.02307 
2 0.82765 
3 0.02279 
2 0.82786 
3 0.02251 
2 0.82806 
3 0.02225 
2 0.82826 
3 0.02198 
2 0.82845 
3 0.02173 
2 0.82864 
3 0.02148 
2 0.82882 
3 0.02124 
2 0.829 
3 0.021 
2 0.82918 
3 0.02077 
2 0.82935 
3 0.02054 
2 0.82952 
3 0.02032 
2 0.82968 
3 0.02011 
2 0.82984 
3 0.01989 
2 0.83 
3 0.01968 
2 0.83015 
3 0.01948 
2 0.83031 
3 0.01927 
2 0.83045 
3 0.01909 
2 0.8306 
3 0.01889 
2 0.83074 
3 0.01871 
2 0.83088 
3 0.01852 
2 0.83102 
3 0.01834 
2 0.83115 
3 0.01816 
2 0.83129 
3 0.01798 
2 0.83142 
3 0.01781 
2 0.83154 
3 0.01765 
2 0.83167 
3 0.01748 
2 0.83179 
3 0.01732 
2 0.83191 
3 0.01716 
2 0.83203 
3 0.01701 
2 0.83214 
3 0.01686 
2 0.83226 
3 0.0167 
2 0.83237 
3 0.01656 
2 0.83248 
3 0.01641 
2 0.83259 
3 0.01627 
2 0.83269 
3 0.01613 
2 0.8328 
3 0.01599 
2 0.83 
3 0.01927 
2 0.83012 
3 0.01912 
2 0.83025 
3 0.01895 
2 0.83037 
3 0.0188 
2 0.82772 
3 0.02191 
2 0.82786 
3 0.02173 
2 0.82799 
3 0.02156 
2 0.82813 
3 0.0214 
2 0.82826 
3 0.02122 
2 0.82838 
3 0.02107 
2 0.82851 
3 0.0209 
2 0.82864 
3 0.02074 
2 0.82876 
3 0.02058 
2 0.82888 
3 0.02043 
2 0.829 
3 0.02028 
2 0.82912 
3 0.02012 
2 0.82923 
3 0.01998 
2 0.82935 
3 0.01983 
2 0.82946 
3 0.01969 
2 0.82957 
3 0.01955 
2 0.82968 
3 0.01941 
2 0.82979 
3 0.01927 
2 0.8299 
3 0.01913 
2 0.83 
3 0.019 
2 0.8301 
3 0.01887 
2 0.83021 
3 0.01874 
2 0.83031 
3 0.01861 
2 0.83041 
3 0.01848 
2 0.8305 
3 0.01836 
2 0.8306 
3 0.01824 
2 0.8307 
3 0.01811 
2 0.83079 
3 0.018 
2 0.83088 
3 0.01788 
2 0.83097 
3 0.01777 
2 0.83106 
3 0.01765 
2 0.83115 
3 0.01754 
2 0.83124 
3 0.01742 
2 0.83133 
3 0.01731 
2 0.83142 
3 0.0172 
2 0.8315 
3 0.01709 
2 0.83158 
3 0.01699 
2 0.83167 
3 0.01688 
2 0.83175 
3 0.01678 
2 0.83183 
3 0.01667 
2 0.83191 
3 0.01657 
2 0.83199 
3 0.01647 
2 0.83207 
3 0.01637 
2 0.83214 
3 0.01628 
2 0.83222 
3 0.01618 
2 0.83229 
3 0.01609 
2 0.83237 
3 0.01599 
2 0.83244 
3 0.0159 
2 0.83251 
3 0.01581 
2 0.83259 
3 0.01571 
2 0.83266 
3 0.01562 
2 0.83273 
3 0.01553 
2 0.8328 
3 0.01544 
2 0.83287 
3 0.01535 
2 0.83293 
3 0.01527 
2 0.833 
3 0.01519 
2 0.83307 
3 0.0151 
2 0.83313 
3 0.01502 
2 0.8332 
3 0.01493 
2 0.83326 
3 0.01486 
2 0.83332 
3 0.01478 
2 0.83339 
3 0.01469 
2 0.83345 
3 0.01461 
2 0.83351 
3 0.01454 
2 0.83357 
3 0.01446 
2 0.83363 
3 0.01439 
2 0.83369 
3 0.01431 
2 0.83375 
3 0.01423 
2 0.83381 
3 0.01416 
2 0.83387 
3 0.01408 
2 0.83392 
3 0.01402 
2 0.83398 
3 0.01394 
2 0.83404 
3 0.01387 
2 0.83409 
3 0.0138 
2 0.83415 
3 0.01373 
2 0.8342 
3 0.01366 
2 0.83425 
3 0.0136 
2 0.83431 
3 0.01352 
2 0.83436 
3 0.01346 
2 0.83441 
3 0.01339 
2 0.83446 
3 0.01333 
2 0.83451 
3 0.01327 
2 0.83457 
3 0.01319 
2 0.83462 
3 0.01313 
2 0.83467 
3 0.01307 
2 0.83471 
3 0.01301 
2 0.83476 
3 0.01295 
2 0.83481 
3 0.01289 
2 0.83486 
3 0.01282 
2 0.83491 
3 0.01276 
2 0.83495 
3 0.01271 
2 0.835 
3 0.01265 
2 0.83505 
3 0.01258 
2 0.83509 
3 0.01253 
2 0.83514 
3 0.01247 
2 0.83518 
3 0.01242 
2 0.83523 
3 0.01236 
2 0.83527 
3 0.0123 
2 0.83531 
3 0.01225 
2 0.83536 
3 0.01219 
2 0.80101 
3 0.00388 
2 0.81681 
3 0.00404 
2 0.82914 
3 0.00421 
2 0.82918 
3 0.0042 
2 0.82925 
3 0.00418 
2 0.82931 
3 0.00417 
2 0.82938 
3 0.00414 
2 0.82945 
3 0.00412 
2 0.82804 
3 0.00453 
2 0.82811 
3 0.00451 
2 0.82818 
3 0.0045 
2 0.82826 
3 0.00448 
2 0.82689 
3 0.00487 
2 0.82696 
3 0.00484 
2 0.82704 
3 0.00483 
2 0.82711 
3 0.00481 
2 0.82719 
3 0.00479 
2 0.82726 
3 0.00476 
2 0.82733 
3 0.00475 
2 0.8274 
3 0.00473 
2 0.82747 
3 0.00471 
2 0.82755 
3 0.00469 
2 0.82762 
3 0.00467 
2 0.82769 
3 0.00465 
2 0.82775 
3 0.00463 
2 0.82782 
3 0.00461 
2 0.82789 
3 0.0046 
2 0.82796 
3 0.00458 
2 0.82803 
3 0.00455 
2 0.82809 
3 0.00454 
2 0.82816 
3 0.00452 
2 0.82822 
3 0.0045 
2 0.82829 
3 0.00449 
2 0.82835 
3 0.00447 
2 0.82842 
3 0.00445 
2 0.82848 
3 0.00444 
2 0.82854 
3 0.00442 
2 0.82861 
3 0.0044 
2 0.82867 
3 0.00439 
2 0.82873 
3 0.00437 
2 0.82879 
3 0.00435 
2 0.82885 
3 0.00434 
2 0.82891 
3 0.00432 
2 0.82897 
3 0.0043 
2 0.82903 
3 0.00429 
2 0.82909 
3 0.00427 
2 0.82915 
3 0.00426 
2 0.8292 
3 0.00424 
2 0.82926 
3 0.00422 
2 0.82932 
3 0.00421 
2 0.82938 
3 0.00419 
2 0.82943 
3 0.00418 
2 0.82949 
3 0.00416 
2 0.82954 
3 0.00414 
2 0.8296 
3 0.00413 
2 0.82965 
3 0.00411 
2 0.82971 
3 0.0041 
2 0.82976 
3 0.00408 
2 0.82982 
3 0.00407 
2 0.82987 
3 0.00406 
2 0.82992 
3 0.00404 
2 0.82997 
3 0.00403 
2 0.83003 
3 0.00401 
2 0.83008 
3 0.004 
2 0.83013 
3 0.00398 
2 0.83018 
3 0.00397 
2 0.83023 
3 0.00396 
2 0.83028 
3 0.00395 
2 0.83033 
3 0.00393 
2 0.83038 
3 0.00392 
2 0.83043 
3 0.0039 
2 0.83048 
3 0.00389 
2 0.83053 
3 0.00388 
2 0.83058 
3 0.00387 
2 0.83062 
3 0.00385 
2 0.83067 
3 0.00383 
2 0.83072 
3 0.00382 
2 0.83077 
3 0.00382 
2 0.83081 
3 0.0038 
2 0.83086 
3 0.00379 
2 0.83091 
3 0.00377 
2 0.83095 
3 0.00377 
2 0.831 
3 0.00375 
2 0.83104 
3 0.00374 
2 0.83109 
3 0.00372 
2 0.83113 
3 0.00372 
2 0.83118 
3 0.0037 
2 0.83122 
3 0.00369 
2 0.83126 
3 0.00367 
2 0.83131 
3 0.00367 
2 0.83135 
3 0.00365 
2 0.83139 
3 0.00364 
2 0.83144 
3 0.00363 
2 0.83148 
3 0.00362 
2 0.83152 
3 0.00361 
2 0.83156 
3 0.00359 
2 0.8316 
3 0.00359 
2 0.83165 
3 0.00357 
2 0.83169 
3 0.00356 
2 0.83173 
3 0.00355 
2 0.83177 
3 0.00354 
2 0.83181 
3 0.00353 
2 0.83185 
3 0.00352 
2 0.83189 
3 0.00351 
2 0.83193 
3 0.00349 
2 0.83197 
3 0.00349 
2 0.83201 
3 0.00347 
2 0.83205 
3 0.00346 
2 0.83209 
3 0.00346 
2 0.83212 
3 0.00344 
2 0.83216 
3 0.00343 
2 0.8322 
3 0.00342 
2 0.84077 
3 0.00353 
2 0.84079 
3 0.00353 
2 0.84799 
3 0.00364 
2 0.84801 
3 0.00364 
