2 0.365 
1 0.605 
2 0.485 
1 0.6725 
2 0.605 
1 0.52125 
2 0.665 
1 0.32583 
2 0.701 
1 0.24296 
2 0.725 
1 0.195 
2 0.71 
1 0.20038 
2 0.725 
1 0.17556 
2 0.737 
1 0.15632 
2 0.74682 
1 0.14094 
2 0.755 
1 0.12836 
2 0.74214 
1 0.1414 
2 0.749 
1 0.1314 
2 0.755 
1 0.12274 
2 0.76029 
1 0.11516 
2 0.765 
1 0.10846 
2 0.76921 
1 0.10251 
2 0.773 
1 0.09717 
2 0.77643 
1 0.09237 
2 0.77955 
1 0.08802 
2 0.78239 
1 0.08407 
2 0.785 
1 0.08045 
2 0.7874 
1 0.07714 
2 0.78962 
1 0.07408 
2 0.79167 
1 0.07126 
2 0.79357 
1 0.06866 
2 0.79534 
1 0.06623 
2 0.797 
1 0.06397 
2 0.79855 
1 0.06186 
2 0.8 
1 0.05988 
2 0.80136 
1 0.05803 
2 0.80265 
1 0.05628 
2 0.80386 
1 0.05464 
2 0.805 
1 0.0531 
2 0.80608 
1 0.05164 
2 0.80711 
1 0.05025 
2 0.80808 
1 0.04894 
2 0.809 
1 0.0477 
2 0.80988 
1 0.04651 
2 0.81071 
1 0.04539 
2 0.81151 
1 0.04432 
2 0.81227 
1 0.0433 
2 0.813 
1 0.04232 
2 0.8137 
1 0.04138 
2 0.81436 
1 0.04049 
2 0.815 
1 0.03963 
2 0.81561 
1 0.03882 
2 0.8162 
1 0.03803 
2 0.81676 
1 0.03728 
2 0.81731 
1 0.03654 
2 0.81783 
1 0.03585 
2 0.81833 
1 0.03518 
2 0.81882 
1 0.03453 
2 0.81929 
1 0.0339 
2 0.81974 
1 0.0333 
2 0.82017 
1 0.03273 
2 0.82059 
1 0.03217 
2 0.821 
1 0.03162 
2 0.82139 
1 0.0311 
2 0.82177 
1 0.03059 
2 0.82214 
1 0.0301 
2 0.8225 
1 0.02962 
2 0.82285 
1 0.02916 
2 0.82318 
1 0.02872 
2 0.82351 
1 0.02828 
2 0.82382 
1 0.02787 
2 0.82413 
1 0.02746 
2 0.82443 
1 0.02706 
2 0.82472 
1 0.02667 
2 0.825 
1 0.0263 
2 0.82527 
1 0.02594 
2 0.82554 
1 0.02559 
2 0.8258 
1 0.02524 
2 0.82605 
1 0.02491 
2 0.8263 
1 0.02458 
2 0.82654 
1 0.02426 
2 0.82677 
1 0.02396 
2 0.827 
1 0.02365 
2 0.82722 
1 0.02336 
2 0.82744 
1 0.02307 
2 0.82765 
1 0.02279 
2 0.82786 
1 0.02251 
2 0.82806 
1 0.02225 
2 0.82826 
1 0.02198 
2 0.82845 
1 0.02173 
2 0.82864 
1 0.02148 
2 0.82882 
1 0.02124 
2 0.829 
1 0.021 
2 0.82918 
1 0.02077 
2 0.82935 
1 0.02054 
2 0.82952 
1 0.02032 
2 0.82968 
1 0.02011 
2 0.82984 
1 0.01989 
2 0.83 
1 0.01968 
2 0.83015 
1 0.01948 
2 0.83031 
1 0.01927 
2 0.83045 
1 0.01909 
2 0.8306 
1 0.01889 
2 0.83074 
1 0.01871 
2 0.83088 
1 0.01852 
2 0.83102 
1 0.01834 
2 0.83115 
1 0.01816 
2 0.83129 
1 0.01798 
2 0.83142 
1 0.01781 
2 0.83154 
1 0.01765 
2 0.83167 
1 0.01748 
2 0.83179 
1 0.01732 
2 0.83191 
1 0.01716 
2 0.83203 
1 0.01701 
2 0.83214 
1 0.01686 
2 0.83226 
1 0.0167 
2 0.83237 
1 0.01656 
2 0.83248 
1 0.01641 
2 0.83259 
1 0.01627 
2 0.83269 
1 0.01613 
2 0.8328 
1 0.01599 
2 0.83 
1 0.01927 
2 0.83012 
1 0.01912 
2 0.83025 
1 0.01895 
2 0.83037 
1 0.0188 
2 0.82772 
1 0.02191 
2 0.82786 
1 0.02173 
2 0.82799 
1 0.02156 
2 0.82813 
1 0.0214 
2 0.82826 
1 0.02122 
2 0.82838 
1 0.02107 
2 0.82851 
1 0.0209 
2 0.82864 
1 0.02074 
2 0.82876 
1 0.02058 
2 0.82888 
1 0.02043 
2 0.829 
1 0.02028 
2 0.82912 
1 0.02012 
2 0.82923 
1 0.01998 
2 0.82935 
1 0.01983 
2 0.82946 
1 0.01969 
2 0.82957 
1 0.01955 
2 0.82968 
1 0.01941 
2 0.82979 
1 0.01927 
2 0.8299 
1 0.01913 
2 0.83 
1 0.019 
2 0.8301 
1 0.01887 
2 0.83021 
1 0.01874 
2 0.83031 
1 0.01861 
2 0.83041 
1 0.01848 
2 0.8305 
1 0.01836 
2 0.8306 
1 0.01824 
2 0.8307 
1 0.01811 
2 0.83079 
1 0.018 
2 0.83088 
1 0.01788 
2 0.83097 
1 0.01777 
2 0.83106 
1 0.01765 
2 0.83115 
1 0.01754 
2 0.83124 
1 0.01742 
2 0.83133 
1 0.01731 
2 0.83142 
1 0.0172 
2 0.8315 
1 0.01709 
2 0.83158 
1 0.01699 
2 0.83167 
1 0.01688 
2 0.83175 
1 0.01678 
2 0.83183 
1 0.01667 
2 0.83191 
1 0.01657 
2 0.83199 
1 0.01647 
2 0.83207 
1 0.01637 
2 0.83214 
1 0.01628 
2 0.83222 
1 0.01618 
2 0.83229 
1 0.01609 
2 0.83237 
1 0.01599 
2 0.83244 
1 0.0159 
2 0.83251 
1 0.01581 
2 0.83259 
1 0.01571 
2 0.83266 
1 0.01562 
2 0.83273 
1 0.01553 
2 0.8328 
1 0.01544 
2 0.83287 
1 0.01535 
2 0.83293 
1 0.01527 
2 0.833 
1 0.01519 
2 0.83307 
1 0.0151 
2 0.83313 
1 0.01502 
2 0.8332 
1 0.01493 
2 0.83326 
1 0.01486 
2 0.83332 
1 0.01478 
2 0.83339 
1 0.01469 
2 0.83345 
1 0.01461 
2 0.83351 
1 0.01454 
2 0.83357 
1 0.01446 
2 0.83363 
1 0.01439 
2 0.83369 
1 0.01431 
2 0.83375 
1 0.01423 
2 0.83381 
1 0.01416 
2 0.83387 
1 0.01408 
2 0.83392 
1 0.01402 
2 0.83398 
1 0.01394 
2 0.83404 
1 0.01387 
2 0.83409 
1 0.0138 
2 0.83415 
1 0.01373 
2 0.8342 
1 0.01366 
2 0.83425 
1 0.0136 
2 0.83431 
1 0.01352 
2 0.83436 
1 0.01346 
2 0.83441 
1 0.01339 
2 0.83446 
1 0.01333 
2 0.83451 
1 0.01327 
2 0.83457 
1 0.01319 
2 0.83462 
1 0.01313 
2 0.83467 
1 0.01307 
2 0.83471 
1 0.01301 
2 0.83476 
1 0.01295 
2 0.83481 
1 0.01289 
2 0.83486 
1 0.01282 
2 0.83491 
1 0.01276 
2 0.83495 
1 0.01271 
2 0.835 
1 0.01265 
2 0.83505 
1 0.01258 
2 0.83509 
1 0.01253 
2 0.83514 
1 0.01247 
2 0.83518 
1 0.01242 
2 0.83523 
1 0.01236 
2 0.83527 
1 0.0123 
2 0.83531 
1 0.01225 
2 0.83536 
1 0.01219 
2 0.81677 
1 0.00345 
2 0.21345 
1 0.00343 
2 0.21346 
1 0.00342 
2 0.21347 
1 0.00341 
2 0.21348 
1 0.00338 
2 0.21349 
1 0.00337 
2 0.21467 
1 0.00372 
2 0.21468 
1 0.0037 
2 0.21469 
1 0.00369 
2 0.2147 
1 0.00368 
2 0.21564 
1 0.00401 
2 0.21565 
1 0.00399 
2 0.21566 
1 0.00398 
2 0.21567 
1 0.00396 
2 0.21568 
1 0.00395 
2 0.21569 
1 0.00392 
2 0.2157 
1 0.00391 
2 0.21571 
1 0.00389 
2 0.21572 
1 0.00388 
2 0.21573 
1 0.00387 
2 0.21574 
1 0.00385 
2 0.21575 
1 0.00383 
2 0.21576 
1 0.00381 
2 0.21577 
1 0.0038 
2 0.21577 
1 0.00379 
2 0.21578 
1 0.00377 
2 0.21579 
1 0.00376 
2 0.2158 
1 0.00374 
2 0.21581 
1 0.00372 
2 0.21582 
1 0.00371 
2 0.21583 
1 0.00369 
2 0.21584 
1 0.00368 
2 0.21584 
1 0.00367 
2 0.21585 
1 0.00365 
2 0.21586 
1 0.00364 
2 0.21587 
1 0.00362 
2 0.21588 
1 0.00361 
2 0.21589 
1 0.0036 
2 0.21589 
1 0.00358 
2 0.2159 
1 0.00357 
2 0.21591 
1 0.00356 
2 0.21592 
1 0.00354 
2 0.21593 
1 0.00353 
2 0.21593 
1 0.00352 
2 0.21594 
1 0.0035 
2 0.21595 
1 0.00349 
2 0.21596 
1 0.00348 
2 0.21597 
1 0.00346 
2 0.21597 
1 0.00345 
2 0.21598 
1 0.00344 
2 0.21599 
1 0.00342 
2 0.216 
1 0.00341 
2 0.216 
1 0.0034 
2 0.21601 
1 0.00339 
2 0.21602 
1 0.00338 
2 0.21602 
1 0.00337 
2 0.21603 
1 0.00335 
2 0.21604 
1 0.00334 
2 0.21605 
1 0.00333 
2 0.21605 
1 0.00331 
2 0.21606 
1 0.0033 
2 0.21607 
1 0.0033 
2 0.21607 
1 0.00329 
2 0.21608 
1 0.00327 
2 0.21609 
1 0.00326 
2 0.21609 
1 0.00325 
2 0.2161 
1 0.00323 
2 0.21611 
1 0.00322 
2 0.21611 
1 0.00322 
2 0.21612 
1 0.0032 
2 0.21613 
1 0.00319 
2 0.21613 
1 0.00318 
2 0.21614 
1 0.00317 
2 0.21615 
1 0.00316 
2 0.21615 
1 0.00315 
2 0.21616 
1 0.00314 
2 0.21616 
1 0.00313 
2 0.21617 
1 0.00312 
2 0.21618 
1 0.00311 
2 0.21618 
1 0.0031 
2 0.21619 
1 0.00308 
2 0.2162 
1 0.00308 
2 0.2162 
1 0.00307 
2 0.21621 
1 0.00306 
2 0.21621 
1 0.00304 
2 0.21622 
1 0.00304 
2 0.21622 
1 0.00303 
2 0.21623 
1 0.00302 
2 0.21624 
1 0.003 
2 0.21624 
1 0.003 
2 0.21625 
1 0.00299 
2 0.21625 
1 0.00298 
2 0.21626 
1 0.00297 
2 0.21626 
1 0.00296 
2 0.21627 
1 0.00295 
2 0.21628 
1 0.00295 
2 0.21628 
1 0.00293 
2 0.21629 
1 0.00292 
2 0.21629 
1 0.00292 
2 0.2163 
1 0.00291 
2 0.2163 
1 0.0029 
2 0.21631 
1 0.00289 
2 0.21631 
1 0.00288 
2 0.21632 
1 0.00287 
2 0.21632 
1 0.00287 
2 0.21633 
1 0.00285 
2 0.21633 
1 0.00284 
2 0.21634 
1 0.00284 
2 0.21634 
1 0.00283 
2 0.21635 
1 0.00281 
2 0.22756 
1 0.00288 
2 0.22756 
1 0.00288 
2 0.23703 
1 0.00294 
2 0.23703 
1 0.00294 
